,mloglik,tc,mass1,mass2,distance,ra,dec,polarization,inclination,spin1z,spin2z
0,-179203.2272415821,3.1,38.599999999999994,29.299999999999997,1000.0,1.37,-1.26,2.76,0.0,0.0,0.0
1,154845.83083560987,3.2550000000000003,38.599999999999994,29.299999999999997,1000.0,1.37,-1.26,2.76,0.0,0.0,0.0
2,272938.2230199751,3.1,40.53,30.765,1000.0,1.37,-1.26,2.76,0.0,0.0,0.0
3,-150512.872508566,3.1,39.58197661212835,28.61465370676932,1000.0,1.37,-1.26,2.76,0.0,0.0,0.0
4,-178796.87071722472,3.1,38.599999999999994,29.299999999999997,1050.0,1.37,-1.26,2.76,0.0,0.0,0.0
5,-176176.61769083972,3.1,38.599999999999994,29.299999999999997,1000.0,1.4385000000000001,-1.26,2.76,0.0,0.0,0.0
6,-170424.04563672026,3.1,38.599999999999994,29.299999999999997,1000.0,1.37,-1.3230000000000002,2.76,0.0,0.0,0.0
7,-165638.67891723855,3.1,38.599999999999994,29.299999999999997,1000.0,1.37,-1.26,2.8979999999999997,0.0,0.0,0.0
8,-179203.22724158195,3.1,38.599999999999994,29.299999999999997,1000.0,1.37,-1.26,2.76,0.00025,0.0,0.0
9,-179182.82867732557,3.1,38.599999999999994,29.299999999999997,1000.0,1.37,-1.26,2.76,0.0,0.00025,0.0
10,-179194.30502799706,3.1,38.599999999999994,29.299999999999997,1000.0,1.37,-1.26,2.76,0.0,0.0,0.00025
11,162645.5259844307,3.1310000000000007,36.858006251385945,27.700702384589537,1010.0,1.3837000000000006,-1.2725999999999995,2.7876000000000003,5e-05,5e-05,5e-05
12,165698.01683721403,3.1232500000000005,37.77978557062731,28.463922581143496,1007.5,1.3802750000000006,-1.2694499999999995,2.7807000000000004,3.7500000000000003e-05,3.7500000000000003e-05,3.7500000000000003e-05
13,-179203.22724158206,3.1,38.599999999999994,29.299999999999997,1000.0,1.37,-1.26,2.76,0.000125,0.0,0.0
14,-179200.99668770656,3.1,38.599999999999994,29.299999999999997,1000.0,1.37,-1.26,2.76,0.0,0.0,0.000125
15,-179198.12759908635,3.1,38.599999999999994,29.299999999999997,1000.0,1.37,-1.26,2.76,0.0,0.000125,0.0
16,-179096.62210937412,3.1,38.599999999999994,29.299999999999997,1025.0,1.37,-1.26,2.76,0.0,0.0,0.0
17,-178450.90387159926,3.1,38.599999999999994,29.299999999999997,1000.0,1.4042500000000002,-1.26,2.76,0.0,0.0,0.0
18,-176876.16595841976,3.1,38.599999999999994,29.299999999999997,1000.0,1.37,-1.2915,2.76,0.0,0.0,0.0
19,-175795.89357337746,3.1,38.599999999999994,29.299999999999997,1000.0,1.37,-1.26,2.8289999999999997,0.0,0.0,0.0
20,-172304.22459076613,3.1,39.093324670159014,28.950699174413224,1000.0,1.37,-1.26,2.76,0.0,0.0,0.0
21,235204.99543825665,3.1775,38.599999999999994,29.299999999999997,1000.0,1.37,-1.26,2.76,0.0,0.0,0.0
22,150603.88052646111,3.1,39.565,30.0325,1000.0,1.37,-1.26,2.76,0.0,0.0,0.0
23,175015.26918125094,3.022500000000001,38.89254205314804,29.375183207208444,1005.0,1.3768500000000006,-1.2663,2.7737999999999996,2.5e-05,2.5e-05,2.5e-05
24,8072.41903947205,3.0612500000000002,38.81933183593422,29.35640113287277,1003.75,1.3751375000000006,-1.2647249999999999,2.7703499999999996,1.8750000000000002e-05,1.8750000000000002e-05,1.8750000000000002e-05
25,166163.7711305575,3.0922500000000013,37.775075455053766,28.509894810360507,1005.75,1.3778775000000003,-1.2672449999999997,2.7758700000000003,2.875e-05,2.875e-05,2.875e-05
26,166421.4226060835,3.0980625,39.118594779837466,29.651025020684,1001.4375,1.3719693750000002,-1.26181125,2.7639674999999997,7.1875e-06,7.1875e-06,7.1875e-06
27,-179203.22724158215,3.1,38.599999999999994,29.299999999999997,1000.0,1.37,-1.26,2.76,6.25e-05,0.0,0.0
28,-179202.6696037192,3.1,38.599999999999994,29.299999999999997,1000.0,1.37,-1.26,2.76,0.0,0.0,6.25e-05
29,-179201.95233448886,3.1,38.599999999999994,29.299999999999997,1000.0,1.37,-1.26,2.76,0.0,6.25e-05,0.0
30,-179175.9138400821,3.1,38.599999999999994,29.299999999999997,1012.5,1.37,-1.26,2.76,0.0,0.0,0.0
31,-179015.87799387774,3.1,38.599999999999994,29.299999999999997,1000.0,1.3871250000000002,-1.26,2.76,0.0,0.0,0.0
32,-178609.25097005273,3.1,38.599999999999994,29.299999999999997,1000.0,1.37,-1.27575,2.76,0.0,0.0,0.0
33,-178350.37912473682,3.1,38.599999999999994,29.299999999999997,1000.0,1.37,-1.26,2.7944999999999998,0.0,0.0,0.0
34,-177522.90100038314,3.1,38.84725688015592,29.123639137428988,1000.0,1.37,-1.26,2.76,0.0,0.0,0.0
35,-26059.757377943548,3.0806250000000004,38.7096098682437,29.328210877649493,1001.875,1.3725687500000003,-1.2623625,2.7651749999999997,9.375000000000001e-06,9.375000000000001e-06,9.375000000000001e-06
36,72347.63762866797,3.1,39.082499999999996,29.666249999999998,1000.0,1.37,-1.26,2.76,0.0,0.0,0.0
37,144865.5638028582,3.096125000000001,38.18825967332972,28.904361319459408,1002.875,1.3739387500000007,-1.2636224999999996,2.7679349999999996,1.4375e-05,1.4375e-05,1.4375e-05
38,105940.21567616485,3.0990312500000003,38.859209017143364,29.475571536644576,1000.71875,1.3709846875000002,-1.260905625,2.7619837499999997,3.59375e-06,3.59375e-06,3.59375e-06
39,-179203.22724158212,3.1,38.599999999999994,29.299999999999997,1000.0,1.37,-1.26,2.76,3.125e-05,0.0,0.0
40,-179203.08783223404,3.1,38.599999999999994,29.299999999999997,1000.0,1.37,-1.26,2.76,3.125e-05,0.0,3.125e-05
41,-179202.9085154825,3.1,38.599999999999994,29.299999999999997,1000.0,1.37,-1.26,2.76,3.125e-05,3.125e-05,0.0
42,-179196.31380246935,3.1,38.599999999999994,29.299999999999997,1006.25,1.37,-1.26,2.76,3.125e-05,0.0,0.0
43,-179156.492709432,3.1,38.599999999999994,29.299999999999997,1000.0,1.3785625000000001,-1.26,2.76,3.125e-05,0.0,0.0
44,-179053.51294388296,3.1,38.599999999999994,29.299999999999997,1000.0,1.37,-1.267875,2.76,3.125e-05,0.0,0.0
45,-178989.9517559822,3.1,38.599999999999994,29.299999999999997,1000.0,1.37,-1.26,2.7772499999999996,3.125e-05,0.0,0.0
46,-178789.2508161261,3.1,38.72377841920039,29.211385001321315,1000.0,1.37,-1.26,2.76,3.125e-05,0.0,0.0
47,-43973.01535987778,3.0903125000000005,38.65479091678408,29.31410802015011,1000.9375,1.371284375,-1.26118125,2.7625874999999995,3.59375e-05,4.6875000000000004e-06,4.6875000000000004e-06
48,77754.84325073799,3.1,38.841249999999995,29.483124999999998,1000.0,1.37,-1.26,2.76,3.125e-05,0.0,0.0
49,140374.9713636344,3.0980625000000006,38.394310484709955,29.102033629817793,1001.4375,1.3719693750000004,-1.2618112499999998,2.7639674999999997,3.8437500000000006e-05,7.1875e-06,7.1875e-06
50,383578.30690597073,3.0995156250000004,38.72958241088418,29.387800537391875,1000.359375,1.37049234375,-1.2604528125,2.7609918749999998,3.3046875e-05,1.796875e-06,1.796875e-06
51,-179203.22724158212,3.1,38.599999999999994,29.299999999999997,1000.0,1.37,-1.26,2.76,4.6875e-05,0.0,0.0
52,-179203.19238926267,3.1,38.599999999999994,29.299999999999997,1000.0,1.37,-1.26,2.76,4.6875e-05,0.0,1.5625e-05
53,-179203.14756015624,3.1,38.599999999999994,29.299999999999997,1000.0,1.37,-1.26,2.76,4.6875e-05,1.5625e-05,0.0
54,-179201.48809548252,3.1,38.599999999999994,29.299999999999997,1003.125,1.37,-1.26,2.76,4.6875e-05,0.0,0.0
55,-179191.55739908875,3.1,38.599999999999994,29.299999999999997,1000.0,1.3742812500000001,-1.26,2.76,4.6875e-05,0.0,0.0
56,-179165.6659498056,3.1,38.599999999999994,29.299999999999997,1000.0,1.37,-1.2639375,2.76,4.6875e-05,0.0,0.0
57,-179149.9044035935,3.1,38.599999999999994,29.299999999999997,1000.0,1.37,-1.26,2.7686249999999997,4.6875e-05,0.0,0.0
58,-179100.5279368488,3.1,38.66192687456964,29.255582972250323,1000.0,1.37,-1.26,2.76,4.6875e-05,0.0,0.0
59,-72980.28366189532,3.0951562500000005,38.62739195344355,29.30705465584758,1000.46875,1.3706421875,-1.2605906249999999,2.7612937499999997,4.921875e-05,2.3437500000000002e-06,2.3437500000000002e-06
60,391109.8772325728,3.1,38.72062499999999,29.391562499999996,1000.0,1.37,-1.26,2.76,4.6875e-05,0.0,0.0
61,366384.6340252473,3.0990312500000017,38.497200424616494,29.200979993589783,1000.71875,1.3709846875000005,-1.2609056249999997,2.7619837499999997,5.046874999999999e-05,3.59375e-06,3.59375e-06
62,109581.09282689694,3.0992734375000017,38.553073391546256,29.248612713033342,1000.5390625,1.3707385156250003,-1.26067921875,2.7614878124999995,4.957031249999999e-05,2.6953125000000003e-06,2.6953125000000003e-06
63,46215.40505290731,3.0997578125,38.66478568045816,29.343903962526777,1000.1796875,1.3702461718750003,-1.2602264062499997,2.7604959375,4.77734375e-05,8.984374999999998e-07,8.984374999999998e-07
64,-125041.41619378266,3.0996367187500007,38.63686181422988,29.32007792266801,1000.26953125,1.3703692578125002,-1.260339609375,2.7607439062499997,4.8222656249999993e-05,1.3476562500000001e-06,1.3476562500000001e-06
65,-64037.16332775229,3.104771093750001,38.59237458524985,29.28805672840382,1000.21015625,1.3702879140625006,-1.260264796875,2.7605800312499995,4.792578124999998e-05,1.0507812499999997e-06,1.0507812499999997e-06
66,-88422.59375229293,3.0975599609375006,38.61863691571125,29.30230556689669,1000.4041015625,1.3705536191406251,-1.26050916796875,2.7611153203124994,4.8895507812499996e-05,2.0205078125e-06,2.0205078125e-06
67,-78361.54323782111,3.102367382812501,38.60112823159866,29.29280660321365,1000.2748046874999,1.3703764824218756,-1.26034625390625,2.7607584609374998,4.8249023437499986e-05,1.3740234374999998e-06,1.3740234374999998e-06
68,-144769.4903913756,3.0987618164062507,38.61425957076114,29.299930924205867,1000.37177734375,1.3705093349609379,-1.260468439453125,2.7610261054687495,4.873388671874999e-05,1.85888671875e-06,1.85888671875e-06
69,-117906.4582519464,3.1001156445312508,38.57837958725338,29.271007262599408,1000.4298242187499,1.3705888591796882,-1.2605415785156246,2.76118631484375,4.902412109375e-05,2.14912109375e-06,2.14912109375e-06
70,-165954.98975283565,3.099756450195313,38.62224222782884,29.307809519619788,1000.3096044921874,1.370424158154297,-1.260390101660156,2.7608545083984373,4.8423022460937495e-05,1.5480224609375e-06,1.5480224609375e-06
71,-141526.55685647612,3.1011894736328136,38.602581169180176,29.29272786688242,1000.3151435546877,1.3704317466699223,-1.2603970808789065,2.7608697962109376,4.84507177734375e-05,1.5757177734375004e-06,1.5757177734375004e-06
72,-169867.9927501018,3.099368730712891,38.61133991513397,29.298130194425966,1000.3576188964844,1.370489937888184,-1.2604505998095703,2.7609870281542968,4.8663094482421864e-05,1.7880944824218751e-06,1.7880944824218751e-06
73,-164865.1169953254,3.100117295947266,38.59241720720727,29.282914025293096,1000.3869192871093,1.3705300794233404,-1.2604875183017579,2.7610678972324214,4.880959643554688e-05,1.934596435546875e-06,1.934596435546875e-06
74,-175945.68286827,3.0998466616333014,38.614786210457524,29.301585465693428,1000.328933190918,1.3704506384715578,-1.2604144558205563,2.7609078556069333,4.851966595458984e-05,1.6446659545898437e-06,1.6446659545898437e-06
75,-169043.34083628887,3.1006006016137704,38.60400947308968,29.293283882904976,1000.3331677416993,1.3704564398061283,-1.2604197913545405,2.7609195429670894,4.854083870849609e-05,1.6658387084960939e-06,1.6658387084960939e-06
76,-176878.9004670534,3.099676698438111,38.609507288939916,29.29691862685602,1000.351506107788,1.3704815633676701,-1.2604428976958129,2.760970156857495,4.863253053894042e-05,1.75753053894043e-06,1.75753053894043e-06
77,-175868.69932887648,3.1000886780543215,38.599507179734125,29.288895401295257,1000.3663680306397,1.3705019242019771,-1.260461623718606,2.7610111757645655,4.8706840153198237e-05,1.8318401531982424e-06,1.8318401531982424e-06
78,-178385.72909782178,3.099907165738556,38.610966511543126,29.29841290514464,1000.3382919008484,1.3704634599041627,-1.2604262477950687,2.760933685646341,4.8566459504241944e-05,1.6914595042419434e-06,1.6914595042419434e-06
79,-176630.20141699346,3.1003047347096016,38.60507811806797,29.293860966427467,1000.3411522723818,1.3704673786131631,-1.260429851863201,2.760941580271773,4.858076136190795e-05,1.7057613619079585e-06,1.7057613619079585e-06
80,-178641.33335467975,3.099833707505984,38.60839999208876,29.29615421454652,1000.3489176489365,1.3704780171790434,-1.2604396362376598,2.7609630127110645,4.8619588244682304e-05,1.744588244682312e-06,1.744588244682312e-06
81,-178416.58947673917,3.100059575762642,38.60310553768778,29.291914989796865,1000.356491628939,1.3704883935316463,-1.260449179452463,2.7609839168958716,4.865745814469451e-05,1.7824581446945192e-06,1.7824581446945192e-06
82,-179008.89672646078,3.10002147325662,38.60507079580011,29.293539457583083,1000.3519416969165,1.3704821601247752,-1.2604434465381145,2.760971359083489,4.863470848458137e-05,1.7597084845813752e-06,1.7597084845813752e-06
83,-178542.47655345377,3.1001705871453415,38.60500626011508,29.293650697253796,1000.3464706904465,1.3704746648459123,-1.260436553069963,2.760956259105633,4.860735345223396e-05,1.7323534522339626e-06,1.7323534522339626e-06
84,-179073.06248332342,3.0999179274158233,38.60755155831152,29.295528335776797,1000.348305909314,1.3704771790957606,-1.2604388654457357,2.7609613243097066,4.861652954657022e-05,1.7415295465702247e-06,1.7415295465702247e-06
85,-178997.9746912918,3.0999621122265455,38.608831596401316,29.296663239206964,1000.3427194849463,1.3704695256943777,-1.2604318265510326,2.7609459057784527,4.858859742473267e-05,1.71359742473267e-06,1.71359742473267e-06
86,-179155.77586618622,3.1000066329991016,38.60601099951407,29.294320400293515,1000.3496361439239,1.3704790015171757,-1.260440541541344,2.76096499575723,4.862318071961919e-05,1.748180719619199e-06,1.748180719619199e-06
87,-179023.5550927914,3.100083399183998,38.6060427325397,29.294432766082537,1000.346621319471,1.370474871207675,-1.2604367428625332,2.7609566748417396,4.860810659735362e-05,1.7331065973536152e-06,1.7331065973536152e-06
88,-179175.76874890484,3.099959295357867,38.60717435163129,29.295254443519116,1000.3478847618533,1.3704766021237393,-1.260438334799935,2.760960161942715,4.861442380926607e-05,1.7394238092660722e-06,1.7394238092660722e-06
89,-179049.16984094394,3.099993185671394,38.54063824157345,29.34254246473657,1000.7645041811556,1.3710473707281832,-1.2609632752682558,2.762110031539989,5.069752090577704e-05,3.822520905777054e-06,3.822520905777054e-06
90,-179182.78304311406,3.0999982964178487,38.63163174249854,29.277243855185542,1000.1911260452889,1.3702618426820459,-1.260240818817064,2.760527507884997,4.783063022644426e-05,9.556302264442634e-07,9.556302264442634e-07
91,-179155.13109619822,3.0999928449549636,38.60896476345786,29.293359810885384,1000.8027293902135,1.3710997392645923,-1.2610114390316685,2.7518655331169897,5.0888646951065885e-05,4.0136469510659065e-06,4.0136469510659065e-06
92,-179191.5289320316,3.099994633716223,38.60672373155489,29.295019407536024,1000.6020470426602,1.3708248044484441,-1.2607585792737512,2.7560553998377415,4.988523521329941e-05,3.0102352132994297e-06,3.0102352132994297e-06
93,-179132.41383425187,3.0999838120992864,38.60309649429594,29.299178432955152,1000.5035754260365,1.3706898983336702,-1.260634505036806,2.758543618175861,4.939287713018276e-05,2.5178771301827536e-06,2.5178771301827536e-06
94,-179193.53952384443,3.100000927774148,38.60528245901168,29.29553475377098,1000.3881209644521,1.3705317257212992,-1.2604890324152094,2.7603596513618878,4.8815604822260085e-05,1.940604822260088e-06,1.940604822260088e-06
95,-179169.99448743757,3.0999906306532163,38.61016364868984,29.292607008156665,1000.9308357628511,1.3712752449951058,-1.2564478530611916,2.759580544205468,5.152917881425397e-05,4.65417881425397e-06,4.65417881425397e-06
96,-179195.39044949436,3.099992972989912,38.60762293276119,29.29445469036261,1000.6981268221384,1.3709564337463296,-1.2583202647958935,2.759685408154101,5.0365634110690487e-05,3.4906341106904775e-06,3.4906341106904775e-06
97,-179166.0171417608,3.1000380708217596,38.60307951868252,29.29719123011544,1000.6529994130549,1.3708946091958847,-1.2595234042604488,2.7583654315050303,5.013999706527279e-05,3.2649970652727797e-06,3.2649970652727797e-06
98,-179197.3968179,3.0999789892238403,38.60615065365298,29.295738585428918,1000.4241634246537,1.3705811038917757,-1.2602096021650635,2.7603114793332937,4.8995817123267745e-05,2.1208171232677493e-06,2.1208171232677493e-06
99,-179176.39670492944,3.0999952083229756,38.573507831627296,29.3189535103539,1000.8563656054921,1.3711732208795244,-1.2597146769129197,2.7587548798524084,5.115682802745928e-05,4.281828027459285e-06,4.281828027459285e-06
100,-179198.80202565878,3.0999975243941305,38.61710698704009,29.287653095779707,1000.3574359353397,1.3704896872314154,-1.260109283341028,2.76008435087685,4.8662179676698015e-05,1.787179676698019e-06,1.787179676698019e-06
101,-179182.8779280469,3.099999449160183,38.600509243586544,29.299655737398975,1000.3965223866564,1.3705432356697194,-1.2590670572696876,2.7640327781074845,4.885761193328385e-05,1.9826119332838368e-06,1.9826119332838368e-06
102,-179201.11264209962,3.099995837577213,38.605170187173584,29.296178271407197,1000.5506658786592,1.370754412253763,-1.2603356987727352,2.7580497444051773,4.962832939329552e-05,2.7533293932955312e-06,2.7533293932955312e-06
103,-179189.49299016458,3.0999932503918486,38.608266835918215,29.293911309730483,1001.1087026050486,1.3663814225689164,-1.259892776297986,2.7596981268262617,5.241851302524235e-05,5.543513025242372e-06,5.543513025242372e-06
104,-179200.43385255075,3.099998312597962,38.60206684247401,29.298477446968423,1000.2771756512622,1.3723062931422292,-1.2599731940744965,2.7599245317065653,4.826087825631059e-05,1.385878256310593e-06,1.385878256310593e-06
105,-179193.55726885993,3.0999917995824635,38.60234149046922,29.29896432203221,1000.6983925779587,1.3704858603318035,-1.2593005762146343,2.759251451533309,5.03669628897924e-05,3.491962889792386e-06,3.491962889792386e-06
106,-179200.7458863788,3.0999940816303844,38.60307677632653,29.298106838879114,1000.620824674582,1.3704973266791776,-1.259597690264778,2.759528501490453,4.997912337290933e-05,3.1041233729093116e-06,3.1041233729093116e-06
107,-179193.45108624498,3.099999976094794,38.599091485624896,29.300775754549466,1000.3729262907609,1.3699693308933427,-1.2617248289277265,2.759894313408366,4.8739631453805763e-05,1.864631453805762e-06,1.864631453805762e-06
108,-179201.41702728032,3.0999947237661325,38.60549021501833,29.29603454812916,1000.616826689294,1.3707096580330829,-1.2591714058288517,2.759737634467667,4.99591334464693e-05,3.084133446469299e-06,3.084133446469299e-06
109,-179195.25221681062,3.1000171067693247,38.600431921894604,29.299550404646425,1000.6854223411733,1.3703703715761582,-1.2596278522913142,2.759153473256049,5.0302111705868805e-05,3.427111705868801e-06,3.427111705868801e-06
110,-179201.934828687,3.0999885186102114,38.60472102157697,29.296691379978803,1000.4894781537836,1.3705284208128714,-1.2600641646966262,2.7600219778139827,4.932239076891801e-05,2.4473907689180122e-06,2.4473907689180122e-06
111,-179198.94592343786,3.099996770442251,38.586993575070835,29.309457478277338,1000.7785582741765,1.3704695349528095,-1.2597191473864697,2.7593681270999197,5.076779137088253e-05,3.8927913708825305e-06,3.8927913708825305e-06
112,-179202.12416239426,3.0999969589302214,38.59452363311408,29.304001443007763,1000.6732776894673,1.370474573022461,-1.2598166813751093,2.759547183044152,5.02413884473364e-05,3.3663884473364023e-06,3.3663884473364023e-06
113,-179198.08419135094,3.0999957115048717,38.600529710496104,29.299724502371866,1000.9380389658953,1.368286585018042,-1.2598239341131237,2.7594524765377204,5.1565194829475116e-05,4.690194829475118e-06,4.690194829475118e-06
114,-179202.71589435037,3.0999976623246894,38.6016825651759,29.298789195880055,1000.4423914799204,1.3713013661111824,-1.2599358790841533,2.7598065179143543,4.908695739960172e-05,2.211957399601724e-06,2.211957399601724e-06
115,-179200.27711489162,3.1000006586113096,38.59924090808279,29.300231708568223,1000.558703303643,1.3702563593674946,-1.2602670756867171,2.7599041100386135,4.966851651821485e-05,2.793516518214883e-06,2.793516518214883e-06
116,-179202.59227685985,3.0999957258756154,38.60211782365684,29.29863799874192,1000.6052943318473,1.3704370848512568,-1.2597650366202628,2.7596224036274934,4.990147165923571e-05,3.0264716592357042e-06,3.0264716592357042e-06
117,-179198.98361860067,3.099998880324161,38.59653662304262,29.302653300415997,1000.6397877902032,1.369935808312408,-1.2594149347482655,2.7616973989683533,5.0073938951016696e-05,3.198938951016697e-06,3.198938951016697e-06
118,-179202.84128272772,3.0999965982639504,38.60301194763861,29.297796603854163,1000.5729463565451,1.3705497612684243,-1.260105507766618,2.7589616580459713,4.973973178272581e-05,2.8647317827258227e-06,2.8647317827258227e-06
119,-179202.1311937859,3.1000003690348055,38.59572082617179,29.303149799534367,1000.5648509130186,1.3699485831801566,-1.2607660480797023,2.7598543136215232,4.9699254565094224e-05,2.8242545650942346e-06,2.8242545650942346e-06
120,-179201.97306713625,3.0999951666078984,38.60035573487071,29.299812785502343,997.5446477849164,1.370647957849271,-1.2600906635244946,2.7595628108134953,5.334823892458235e-05,6.473238924582381e-06,6.473238924582381e-06
121,-179201.87443489526,3.1000079775972242,38.594761139968696,29.303747213186973,999.5912035573593,1.3701434444436793,-1.260031798593442,2.7594489995994147,5.170601778679722e-05,4.831017786797243e-06,4.831017786797243e-06
122,-179202.9091025986,3.0999933833569644,38.60223122864275,29.298454813106787,1000.2649095046775,1.3704321767205734,-1.2600560731708301,2.759878733260341,4.991829752338781e-05,3.0432975233878197e-06,3.0432975233878197e-06
123,-179201.5209737686,3.1000009729493514,38.599502006551965,29.30035279047371,1003.0800862701788,1.3699807511815405,-1.2599983816948408,2.7599713510892716,4.699418135089397e-05,1.1918135089396192e-07,1.1918135089396192e-07
124,-179202.96305272024,3.099996618193262,38.60014230379119,29.299947783398938,998.928507406232,1.3704811561823385,-1.260067593067081,2.7596649458824394,5.175972453116026e-05,4.884724531160277e-06,4.884724531160277e-06
125,-179201.71328610327,3.0999991124796358,38.60645706545675,29.29535564963889,999.6025023089805,1.3701554526403255,-1.2603225461826202,2.760010531426273,5.04046990449047e-05,3.5296990449047157e-06,3.5296990449047157e-06
126,-179202.99192779767,3.099997497317575,38.5975072592428,29.301839218491025,1000.4055838443456,1.3703947929269271,-1.2599431475769869,2.759663020139682,5.0282216096728474e-05,3.4072160967284806e-06,3.4072160967284806e-06
127,-179201.91300239722,3.099995128031606,38.60561734782343,29.295944622919674,999.6790756716947,1.3707706844319842,-1.2592085993774842,2.7596651421525324,5.106342523347373e-05,4.188425233473732e-06,4.188425233473732e-06
128,-179202.97543156985,3.0999990587840056,38.59819514296288,29.301347968194527,1000.3434071026877,1.3701541084931135,-1.2603766859041476,2.7598070207542755,5.00402972321891e-05,3.1652972321891087e-06,3.1652972321891087e-06
129,-179202.48566667025,3.100000437772474,38.59843626664019,29.30099713666422,999.5862548070343,1.3702255874892553,-1.2603319406937004,2.7599339755719186,5.088897325392292e-05,4.013973253922943e-06,4.013973253922943e-06
130,-179203.0787478275,3.09999690384983,38.601197453595084,29.299227719988924,1000.3505344506441,1.3703842105107564,-1.2599067626386222,2.7597002966136,5.014834705790751e-05,3.273347057907514e-06,3.273347057907514e-06
131,-179202.4464670103,3.099998349628427,38.59877450698649,29.300933609055274,999.7307862531061,1.3691778751092445,-1.2601552749407035,2.7597286170249076,5.191576544521808e-05,5.04076544521808e-06,5.04076544521808e-06
132,-179203.12565224565,3.099997834150624,38.600955567184194,29.299325252023234,1000.2644901732168,1.370770493360698,-1.2599907280482907,2.7597870426919924,4.979415941100581e-05,2.919159411005813e-06,2.919159411005813e-06
133,-179202.68138219087,3.0999996608665024,38.597033687229754,29.302232386495458,999.5385401398157,1.3699736263704572,-1.2599626903145742,2.760738553822495,5.127387658774999e-05,4.398876587749979e-06,4.398876587749979e-06
134,-179203.14420946245,3.0999973639145884,38.60151745346906,29.29890534864582,1000.3143448023627,1.3704057275439325,-1.2600698034036069,2.7594058819901024,5.0123267983981856e-05,3.248267983981862e-06,3.248267983981862e-06
135,-179202.94971697973,3.1000036718850135,38.597671738025554,29.301664054055692,999.8564640512202,1.37008592108298,-1.2600148709569166,2.759726908354078,5.1136304939206786e-05,4.261304939206792e-06,4.261304939206792e-06
136,-179203.16176418966,3.1000010997530008,38.59881164733338,29.300861634649277,999.9585754145845,1.3701724849923784,-1.260025171510395,2.7597648645806436,5.0831803085252035e-05,3.956803085252048e-06,3.956803085252048e-06
137,-179202.85535035376,3.1000013333606633,38.599494629910836,29.300353561831017,1001.3988797513362,1.3699752073832228,-1.2599948667493286,2.759960679471621,4.91092936422527e-05,2.234293642252688e-06,2.234293642252688e-06
138,-179203.17218936363,3.0999977969851122,38.599980385883526,29.300049226103592,999.546100492508,1.3703546689825594,-1.260049411487643,2.759738879279735,5.1097116808933364e-05,4.222116808933379e-06,4.222116808933379e-06
139,-179202.92329029058,3.099998640410141,38.60179876709816,29.29869383373576,999.8245187328448,1.3703423671703372,-1.2596203190289614,2.7598049763048755,5.104008485657271e-05,4.16508485657271e-06,4.16508485657271e-06
140,-179203.16934866365,3.0999989541905393,38.599096074351806,29.300684362283555,1000.213685010227,1.3702011731624193,-1.260187594185351,2.7598065096419253,5.0290244138285e-05,3.415244138285009e-06,3.415244138285009e-06
141,-179202.93708227208,3.100000493251165,38.602804326698674,29.297971864318367,999.7239622243632,1.3700629587836224,-1.2601027466777945,2.759977674819918,5.079977160034464e-05,3.924771600344644e-06,3.924771600344644e-06
142,-179203.1740060157,3.0999982463009723,38.59883157983294,29.300872225498864,1000.23517843935,1.370311834391101,-1.259983047352189,2.7597416838097413,5.041160497263251e-05,3.5366049726325214e-06,3.5366049726325214e-06
143,-179202.9957895611,3.100001355209138,38.59864107535671,29.300911934538735,999.7559404158055,1.3700590659758616,-1.2601543885588724,2.7599486757852283,5.0986292222110594e-05,4.111292222110614e-06,4.111292222110613e-06
144,-179203.19810471675,3.099998016689657,38.60055836892111,29.299648742065102,1000.2018859419345,1.3703029243770328,-1.2599686691186847,2.759762391406507,5.035783334895829e-05,3.4828333489582892e-06,3.482833348958289e-06
145,-179203.12017897266,3.10000046141615,38.59880352391446,29.300879087534174,999.8294638469764,1.3695792693291868,-1.2600660113632833,2.7598569994497373,5.14532146566028e-05,4.57821465660281e-06,4.57821465660281e-06
146,-179203.20173869087,3.099998490967005,38.600417565016016,29.299713685773384,1000.1557335916567,1.3704726873528201,-1.2600095488770389,2.7598045318814286,5.020892322240506e-05,3.3339232224050623e-06,3.3339232224050623e-06
147,-179203.09941695604,3.1000011570626693,38.59802161527262,29.301460785798852,999.7478869756894,1.3699574271077295,-1.259974885102653,2.760317890129893,5.11412371313114e-05,4.266237131311401e-06,4.266237131311399e-06
148,-179203.2103325614,3.099998312201609,38.60064351738238,29.299544140563583,1000.1727303456944,1.3702936524348819,-1.2600460738283683,2.75963388402505,5.037776027081424e-05,3.5027602708142467e-06,3.5027602708142462e-06
149,-179203.13709248757,3.0999981834175787,38.5996678354014,29.300274780895876,1000.0967778471909,1.3704218851386387,-1.260053903271934,2.7596505489250056,5.50900571694561e-05,-1.053494283054389e-05,8.215057169456111e-06
150,-179203.20766208824,3.099999545854395,38.5999169591276,29.300068694507882,1000.0241944617977,1.3701054712846599,-1.2600134758179835,2.7599126372312512,4.8928764292364026e-05,9.085014292364029e-06,2.053764292364028e-06
151,-179203.15157508594,3.099996772884858,38.601077224391716,29.299254635452286,1000.1513262420491,1.3702359974047167,-1.2600263926230566,2.7599152388744845,5.075264632562645e-05,2.1588963256264587e-06,3.877646325626458e-06
152,-179203.2113155088,3.1000000180359653,38.59937805080758,29.300459857628972,1000.0067631214506,1.370188363095463,-1.2600254767885604,2.7598024581541036,5.0812013895345636e-05,3.507326395345651e-06,3.93701389534565e-06
153,-179203.15078424505,3.0999991312164052,38.600849200138626,29.299386982732948,999.8548322686515,1.3702047472212842,-1.2598315464687422,2.7598727835156387,5.1398559224005636e-05,2.7188717240056263e-06,4.5235592240056265e-06
154,-179203.2140683908,3.0999989984470058,38.5995343618632,29.30036000017948,1000.1239718248331,1.3702020666771355,-1.260098582256199,2.7598230781103537,5.056732290971516e-05,3.241151034715163e-06,3.6923229097151637e-06
155,-179203.1493549182,3.1000005287142094,38.599875700340284,29.30008422684783,1000.6379910528356,1.3700207309400594,-1.2599795633201611,2.759957253643952,5.04857277735136e-05,1.7158058985136126e-06,3.6107277735136152e-06
156,-179203.21519413538,3.0999984799173865,38.59995421449855,29.30005797626465,999.8190731325899,1.3702711844719344,-1.2600319494457726,2.759793472870789,5.0944269550078424e-05,3.5955390813284374e-06,4.069269550078438e-06
157,-179203.1729287657,3.1000001261216323,38.60124900041199,29.299098471716448,999.8656920446415,1.3700554355476846,-1.2600557078743324,2.759964806926156,5.127777252530366e-05,2.413104556553655e-06,4.402772525303655e-06
158,-179203.21346473088,3.0999987162561373,38.59943594629213,29.300428754678556,1000.1428068406728,1.3702477346802469,-1.2600012124827247,2.759797464588845,5.06281468608003e-05,3.255729868612805e-06,3.7531468608003045e-06
159,-179203.18777377874,3.099998115673832,38.59996780032699,29.300056359918067,1000.1294318521261,1.370416816874835,-1.2600389977230664,2.759665983653666,5.556500687009622e-05,6.600855502908735e-06,-1.0059993129903764e-05
160,-179203.21853165585,3.099999528918458,38.59999195009325,29.300014089959102,1000.0323579630315,1.3701042042187088,-1.2600097494307665,2.7599164959134166,4.904750171752406e-05,1.6502138757271839e-06,9.20375171752406e-06
161,-179203.17347607733,3.100000401429936,38.59929614065296,29.300480709773286,999.8936403144107,1.3700741484661374,-1.260078544666798,2.759934413148541,5.18201071948511e-05,2.7514982593042267e-06,3.226357194851102e-06
162,-179203.22188593715,3.0999986128747268,38.60024281426673,29.299856726293193,1000.1248245350536,1.370245730399309,-1.259996138005713,2.7598053968420153,5.0723401810431494e-05,3.2999995765447734e-06,3.418714310431492e-06
163,-179203.2043229491,3.099999951534132,38.59940199542907,29.300444369376873,999.9336108533677,1.369858994099648,-1.2600349827341784,2.759892445665737,5.207191303900961e-05,2.893623656685396e-06,3.3922255390096146e-06
164,-179203.22126921808,3.09999958639235,38.599655889736795,29.30026169290535,999.9891415379398,1.370012417412941,-1.2600286242698933,2.7598704672196597,5.160616558485847e-05,3.003698548115313e-06,3.377649959858477e-06
165,-179203.20346202364,3.099998904754333,38.599850392613284,29.30012794522176,1000.0581393984554,1.3702075993934644,-1.2600340854836158,2.7597759063135956,5.388755222754955e-05,-4.073730562123314e-06,4.937161602549538e-06
166,-179203.22230182454,3.0999993855793795,38.59990031751201,29.300083507154586,1000.0326806959622,1.370131003311861,-1.2600186282343917,2.7598784545018376,5.016846127616041e-05,5.795328078742193e-06,2.7746136199104055e-06
167,-179203.20621814037,3.100000353082673,38.59897517896724,29.300760416881182,999.8815935846121,1.3699868884186377,-1.2599959983544355,2.760103573615154,5.239669645016854e-05,1.967037021012057e-06,3.3425362939185518e-06
168,-179203.222981745,3.099998822421875,38.60022643809039,29.29984819435199,1000.0999461554238,1.3702169614308208,-1.2600335549598851,2.759751306422576,5.0882494315652814e-05,3.1188294583636995e-06,3.4627042765903224e-06
169,-179203.2055220505,3.099998408125498,38.60041033183188,29.29972234204962,1000.0661974156505,1.370097897425128,-1.260018211028509,2.7599247691397952,5.197653890969858e-05,1.884771509084262e-06,2.813420745636083e-06
170,-179203.22338430767,3.0999996155583487,38.59963612300708,29.300275473030347,1000.0216216950006,1.3701657466778792,-1.2600236603485475,2.7598330359005265,5.1103145148933876e-05,3.1016876737803036e-06,3.6561156079182583e-06
171,-179203.21184093656,3.099999889765769,38.60039247176976,29.29972278797227,999.9059166672939,1.3700221282398712,-1.2600469649075094,2.7599368769673904,5.225540560187063e-05,2.1055595968506076e-06,2.9778815296050197e-06
172,-179203.22350044112,3.099999009633545,38.59967507945619,29.30025225789468,1000.0835842973281,1.370191333070153,-1.2600126505889209,2.7598323176834816,5.103496154606788e-05,2.9681873006722556e-06,3.5593305280014833e-06
173,-179203.2126173249,3.099999609812208,38.60032220095367,29.29976999035783,999.9166741776329,1.370065649521586,-1.2599324088005792,2.7599131113605067,5.240975728022633e-05,2.0655456839396685e-06,3.012107004347424e-06
174,-179203.22367727716,3.0999991512883063,38.59973132289328,29.300212494192927,1000.072147413033,1.3701679623882481,-1.260057038892294,2.759845586422892,5.102793150234295e-05,2.9472496970212894e-06,3.522268933373229e-06
175,-179203.21288462786,3.1000002626160117,38.599857773410946,29.300102908314898,1000.2721877259646,1.3699758873100496,-1.2600040595003097,2.7599531393104924,5.204954303031597e-05,1.5814997604649643e-06,2.5257602406431083e-06
176,-179203.22406434466,3.099998925592043,38.599930104232065,29.300069209247347,999.9323517809336,1.3701973601814632,-1.2600249769594067,2.7598333894807148,5.122058792013781e-05,3.092029251112569e-06,3.6833922227196054e-06
177,-179203.2167507938,3.0999990929496573,38.59980766844003,29.300157818989472,1000.0389016591032,1.3701614987558266,-1.2600293050210438,2.759813494981324,5.438092810339308e-05,3.8151880411432956e-06,-3.7127938257634047e-06
178,-179203.22485030396,3.0999994199262577,38.59994587975515,29.300050022012915,1000.0339938870494,1.3701185278529882,-1.260014638328336,2.7598907456803934,5.0380858313991315e-05,2.191457417081212e-06,5.974615331702194e-06
179,-179203.22236874886,3.099999002182547,38.600201725389354,29.29986788600697,1000.0910885540175,1.3702745076496035,-1.2600076329936059,2.759863579367228,5.157720278188525e-05,2.299255142548346e-06,2.6327010062709212e-06
180,-179203.21685777395,3.100000053561734,38.59960658292658,29.30027508553745,999.948658360696,1.3700469501132948,-1.2600424182553647,2.7599402862499147,5.263072675060299e-05,1.8028052273196011e-06,2.434433994865792e-06
181,-179203.22605608247,3.0999989730464783,38.60008375704123,29.299961314153986,1000.0807829914642,1.3701960353278055,-1.2600077080681258,2.75983911919399,5.120023304547437e-05,2.9257009892384803e-06,3.1726442315400673e-06
182,-179203.2226053926,3.099999198350501,38.59998576921283,29.300023860867324,1000.0504226588878,1.370174683603931,-1.260017743993433,2.759859361528523,5.339202163873686e-05,-1.2664486927785616e-06,3.158140807712811e-06
183,-179203.22142805127,3.099999620980924,38.599641168448095,29.300270681805713,999.9838816218064,1.3700112144570546,-1.2600307614341846,2.7598733930953916,5.2346243904382344e-05,1.5164834763499034e-06,3.405141381640673e-06
184,-179203.22576056566,3.0999991568821414,38.60006158673456,29.2999685832623,1000.0642868209648,1.3702086843514663,-1.2600134151037505,2.759866032799269,5.176946306250952e-05,2.1035622259987354e-06,2.8258111001133594e-06
185,-179203.2224735313,3.0999994165192977,38.59987228964638,29.30010364699981,1000.0273203493516,1.3701178386522337,-1.2600197846564205,2.7598789451882464,5.020691333228524e-05,5.756189495432271e-06,2.813235638678893e-06
186,-179203.22574847983,3.0999992528927,38.599957399343864,29.300043807332923,1000.0446470815037,1.3701604723660066,-1.26001825415918,2.759864257443454,5.259574456212396e-05,4.892108542741466e-07,3.0719145154543315e-06
187,-179203.22342658596,3.0999998785420892,38.59957781077441,29.300318442602915,999.9667370380316,1.370064263012381,-1.2600009135298276,2.7600095904983686,5.30590907046635e-05,8.44987623472099e-07,2.4305142175741834e-06
188,-179203.2240160203,3.099999138002363,38.60015646424691,29.29989975543715,1000.0340845670611,1.370095181032223,-1.2600062587774208,2.7599631719399857,5.322962898252839e-05,4.1078939799385417e-07,1.9919826081774324e-06
189,-179203.22344015003,3.0999987269106777,38.600330505542644,29.299773053140836,1000.102438729836,1.3702028483016897,-1.2600300746456599,2.759777333630468,5.130779108237173e-05,2.58064980320641e-06,3.129877676642157e-06
190,-179203.22603330127,3.099999014818531,38.60014233291709,29.299909397418404,1000.0685133068848,1.3701682019793626,-1.2600227843667018,2.759835397847443,5.1745615987944666e-05,2.146734258272832e-06,2.955036811875164e-06
191,-179203.2239224004,3.099999596856218,38.60032668803138,29.299770664239414,999.982577272451,1.3700711520257594,-1.2600203643421224,2.7599552224781467,5.347405112934271e-05,2.931595175263679e-07,1.880202622989593e-06
192,-179203.2252450151,3.09999954431504,38.6003895175274,29.29972206216571,999.9761001286295,1.3700751606351669,-1.2599686411287148,2.7599638809497877,5.397030509846761e-05,-2.1672091472164987e-07,1.5888509555411204e-06
193,-179203.22251652548,3.099999088238892,38.59980671927288,29.300154168968433,1000.0643748404475,1.370172772719537,-1.2599949710362053,2.7598559765888613,5.1623436265292816e-05,2.3353931783236684e-06,3.1726469324350623e-06
194,-179203.22643806867,3.0999994697018867,38.600196696371285,29.299866538913797,1000.0030266644501,1.3700965571992039,-1.260014016015643,2.7599304110058256,5.301139741333024e-05,8.03717932725693e-07,2.2033137003509603e-06
195,-179203.22416387632,3.0999996134326535,38.59998499078131,29.300018430793248,1000.006655965315,1.3701490189464698,-1.260010628048551,2.75984147494019,5.182421209826751e-05,2.2963490048025496e-06,3.1031331656819283e-06
196,-179203.22398388342,3.0999999634110957,38.60022232768801,29.29983882236469,1000.1232495883188,1.370037171550231,-1.2599890400843936,2.759972874491355,5.3953977996284004e-05,-5.440268975781697e-07,1.2956717397322204e-06
197,-179203.22634960647,3.099999185046806,38.60000316028962,29.300011612006912,999.9800762327799,1.3701573130236553,-1.2600159927406533,2.759868260733375,5.190393543917436e-05,2.1830152139398844e-06,3.0864621019727594e-06
198,-179203.22415339132,3.099999189893315,38.60017107539312,29.299888236168897,1000.0436294574303,1.3700871716006615,-1.26000446193367,2.7599701461905175,5.336629848633571e-05,2.2898659055931714e-07,1.872596584028063e-06
199,-179203.2263825769,3.099999507547819,38.60003151199448,29.299985881956726,1000.0158993383438,1.3701335571100177,-1.2600090865198308,2.7598736427527717,5.2209733695284555e-05,1.7795084012417415e-06,2.795499020268462e-06
200,-179203.2233908348,3.0999994009240233,38.60022731258672,29.299843817719943,1000.0126726259545,1.3701206685455491,-1.2599993412921844,2.75991745486479,5.5175427346870543e-05,2.5148837511276075e-07,-1.6347088442789484e-06
201,-179203.22669869452,3.099999415175699,38.6000162381159,29.299998470501713,1000.0286635717757,1.3701190630261284,-1.260010814069298,2.7598974229764925,5.1579500572211125e-05,1.706465156589099e-06,4.0722842877069085e-06
202,-179203.2222763328,3.099999250707372,38.59970901667428,29.300227065613413,1000.0810790730038,1.3701728162415625,-1.260053773079922,2.759831028000737,5.110781965714295e-05,3.0443039211777723e-06,3.247742198315282e-06
203,-179203.2269246556,3.099999470913123,38.600219393233566,29.29984831042426,1000.002344864723,1.370099574536766,-1.2599899241165167,2.759930667712525,5.3254683738136444e-05,5.985352942532057e-07,2.003573766234661e-06
204,-179203.22659378801,3.099999585733796,38.600193535811634,29.299866214892223,1000.0040716767736,1.370075324944875,-1.2599984940409241,2.759943933560885,5.26141680286891e-05,2.3602370401777875e-06,1.5510104885581367e-06
205,-179203.22548288305,3.099999767514686,38.6001157385437,29.29992096442105,999.9723889084744,1.3700004410780966,-1.2600003488837885,2.759957738357393,5.360939052153946e-05,7.972206312890091e-07,1.5421537815880638e-06
206,-179203.2268187019,3.0999993095402774,38.60007512469524,29.299956678531316,1000.0413123428422,1.370156623533124,-1.26001014854876,2.7598889591887996,5.2229444927267004e-05,1.7769768273213037e-06,2.5048967704820357e-06
207,-179203.22640876245,3.0999999685226456,38.60002155067423,29.29998960663816,999.9627222297459,1.3700386077609528,-1.2599884524572482,2.7599990855774896,5.373000338396878e-05,6.800971128246067e-07,1.3229000615476345e-06
208,-179203.22533364675,3.100000209389931,38.60006768534091,29.299943348193427,999.9268403928228,1.3699792888991396,-1.2599996776336493,2.760027357507642,5.478134039413794e-05,-5.479903934238158e-07,7.353438078842437e-07
209,-179203.2269615548,3.0999992821323414,38.60007973911656,29.29995682266349,1000.0422973418038,1.370141848720639,-1.2600057004595067,2.759886178772403,5.209550988264026e-05,2.057278143572906e-06,2.5633191256261114e-06
210,-179203.22683384432,3.1000000168067112,38.60016359768042,29.299882092941193,1000.0399913733116,1.3700149183426862,-1.2599893345048923,2.7600017995760635,5.4115952889131146e-05,1.695479678013845e-07,7.168973421822224e-07
211,-179203.22620169522,3.099999796157477,38.60016166318846,29.29988706500335,1000.0089866747412,1.3700149465028577,-1.2599922903227265,2.760022048921325,5.4191398471790256e-05,2.51062693811456e-07,5.921400882692717e-07
212,-179203.22701657083,3.099999579700233,38.60006404982834,29.299961177620265,1000.0141711724432,1.3701039044582277,-1.2600048874705547,2.75991074429491,5.270514988941098e-05,1.39739697438417e-06,2.2446592872686645e-06
213,-179203.22629076528,3.099999257418167,38.60018012430614,29.299877654636354,1000.0724535718789,1.3701229551913774,-1.2600162113879712,2.7598789378400914,5.246615808419448e-05,1.4939339545405035e-06,2.2490908921343053e-06
214,-179203.22701963305,3.099999790746526,38.60006119412685,29.299961618505158,999.9901550652792,1.370059694618559,-1.259995392189929,2.75996904864314,5.341404205902521e-05,8.835563232535809e-07,1.5544477691943022e-06
215,-179203.22609237357,3.099999820447854,38.599977878039304,29.300019738643936,1000.0295748173405,1.3700576332369976,-1.2599869230644334,2.759955339939218,5.3265292983972e-05,1.3862808127449945e-06,1.238904067099648e-06
216,-179203.22704882675,3.0999995573883785,38.60014199187169,29.299904838596618,1000.0096637026727,1.3700868262086523,-1.2600072427778406,2.7599366432391736,5.307487130599068e-05,9.493586527305184e-07,1.962211292038132e-06
217,-179203.22656185707,3.0999996987468617,38.59997072976607,29.300027787513294,1000.0296482101968,1.370081165744082,-1.2600041947865357,2.7599403593198173,5.3754663024073484e-05,-4.5241397219655354e-07,1.973447439588471e-06
218,-179203.22705563565,3.0999996139870625,38.60013783439386,29.29990660777663,1000.0104658101294,1.3700767851446767,-1.259999919227327,2.7599430400006177,5.2899291777535194e-05,1.6570742870842023e-06,1.6566197263157202e-06
219,-179203.22678842457,3.099999909067231,38.60017234681699,29.299877159043444,1000.0014167628653,1.3700289720865377,-1.2599896957897672,2.7599959933090332,5.505328872161625e-05,1.914797374911551e-07,-1.030959271838539e-06
220,-179203.22711857932,3.099999785594348,38.600133319695246,29.299907486762482,1000.008228465093,1.3700514948214355,-1.25999497535965,2.759971350725898,5.4184841684264964e-05,5.70226092265641e-07,2.448516180478231e-07
221,-179203.22697600882,3.1000001099134673,38.600125099359225,29.29990911232034,999.9821512162488,1.3699703858372048,-1.2599873266724828,2.760020935404146,5.479442371795999e-05,-1.2038208025218198e-07,8.441921489949141e-08
222,-179203.2265708473,3.099999421268385,38.60002892661261,29.299989102053626,999.971904154367,1.370103184526546,-1.2600077391498692,2.7599119221824995,5.304360992186159e-05,1.4290607696570237e-06,1.7459230177427586e-06
223,-179203.22715692592,3.0999998679221297,38.60012992995527,29.299908845107755,1000.0229695685755,1.370036984888651,-1.2599939356661365,2.7599793302276723,5.3847867147313754e-05,4.844261682652943e-07,9.741537610723563e-07
224,-179203.22691998226,3.1000000465637747,38.59995523815665,29.300034992274487,1000.0136756037264,1.370006010402843,-1.2600079518481686,2.7599927865490663,5.4023515754691777e-05,9.772516180076205e-07,2.533625926578594e-07
225,-179203.22715330886,3.0999996148257862,38.6001533545885,29.29989498051851,1000.0051775494738,1.370076183503285,-1.2599944310494298,2.7599461974216606,5.344689174227528e-05,6.932143751918094e-07,1.5660209728404606e-06
226,-179203.22694069654,3.1000003018832447,38.60010961568714,29.299914110638962,999.9662991681794,1.3699506031754995,-1.2599899216231634,2.7600492792190403,5.545296598211495e-05,-7.543039849882994e-07,-5.058423972907214e-07
227,-179203.22716492246,3.099999537070067,38.60008720826591,29.299946144644572,1000.0232977983976,1.3700940373343542,-1.2600017557504208,2.7599269538840625,5.293487390750893e-05,1.3543826114326047e-06,1.7960287448969032e-06
228,-179203.2268060892,3.099999359533439,38.600056677205274,29.29996922750802,1000.0346746101637,1.3701467963583638,-1.2600111812257746,2.759895726283281,5.238214218470501e-05,1.7183091771737462e-06,2.3153794194353807e-06
229,-179203.22718318983,3.09999992231846,38.60010799383409,29.299924141084283,999.9952820647275,1.3700144884674945,-1.2599932903108058,2.7599896331239298,5.419135333464625e-05,3.3929073410430007e-07,6.421592660334637e-07
230,-179203.22699619242,3.0999999582703186,38.600126515545476,29.29990975488416,999.9988768324265,1.3699953945391945,-1.259991300995753,2.7600216951583203,5.476865670230107e-05,-1.1091125518579914e-08,-1.6536065718083226e-07
231,-179203.2271771229,3.0999996743427545,38.600079666267334,29.299948321911078,1000.010347587439,1.3700767769784694,-1.2600014908518542,2.7599384820107624,5.32210265926335e-05,1.0452749494084825e-06,1.6421543011562903e-06
232,-179203.22698829157,3.0999997239432724,38.60013306566967,29.2999066546997,1000.0269314440227,1.370043020850845,-1.2600020160087642,2.7599572774836156,5.402116143940849e-05,5.350932508429897e-07,5.423921672859278e-07
233,-179203.22718016544,3.0999997740457124,38.60007916202352,29.299947877523596,999.999349159965,1.3700555261766305,-1.2599970481446379,2.759966105853259,5.356582190412103e-05,7.964405551509331e-07,1.3014338687172086e-06
234,-179203.22708245984,3.1000000006328854,38.60003970193933,29.299972042457767,1000.0053598980878,1.3700096292543473,-1.2599881264942117,2.7599955754103993,5.445852231206908e-05,4.3870730185013504e-07,2.4731597779130663e-09
235,-179203.22704942705,3.100000021363366,38.60002423291176,29.299983360254632,1000.0035366082228,1.3700062391402572,-1.2599930914981023,2.7599996857309117,5.494594794743135e-05,-5.126817295503623e-07,-2.2764587807236365e-08
236,-179203.22718892375,3.0999997158311383,38.60010943404404,29.2999257958318,1000.0087335096528,1.3700591486435718,-1.2599982122950208,2.759957201433191,5.341095582000923e-05,1.1146352829255611e-06,1.236773647784981e-06
237,-179203.2270295886,3.0999995777571936,38.600136311803055,29.299908676203255,1000.009317242577,1.370083298908431,-1.2600069013913793,2.7599394755256874,5.317720411448548e-05,8.408708518987902e-07,1.8782420763319844e-06
238,-179203.2272006065,3.0999998949139624,38.60006385441924,29.299956200849312,1000.0063492342101,1.3700280466678683,-1.2599928202185036,2.759981550439221,5.413819276267318e-05,5.392481893622988e-07,4.714153889164309e-07
239,-179203.2271128505,3.099999814659654,38.600028800970655,29.29998297476614,1000.0060728293956,1.3700367437106293,-1.2599996214977118,2.7599657401528535,5.3441554957971266e-05,7.031564809026159e-07,1.6811763722357957e-06
240,-179203.22720551456,3.0999997928606744,38.600107190034514,29.29992635870411,1000.0076895561687,1.370047807043734,-1.2599961368941655,2.7599699480826367,5.399902000269154e-05,6.034586894248847e-07,6.039328065948162e-07
241,-179203.22718720848,3.1000000210351946,38.5999995331047,29.300001756840608,1000.0096261463538,1.37000637973687,-1.260000506976879,2.759995643589286,5.4289930552044215e-05,5.622170608230626e-07,1.6758938419402997e-07
242,-179203.2271533135,3.099999798561464,38.59999687838568,29.300006474528146,999.9891654428075,1.3700394573211476,-1.260002316622321,2.7599657734555967,5.3977367827951815e-05,7.865634462611311e-07,5.981437205864683e-07
243,-179203.22721713706,3.0999998505819635,38.600096667097155,29.299933252364777,1000.0145185371334,1.3700376029967751,-1.2599960309051825,2.7599759410346536,5.388024231747327e-05,5.599604877642535e-07,8.801512509508843e-07
244,-179203.22715353165,3.100000192115904,38.600041491931705,29.299966596286563,999.9870813607324,1.3699711180079288,-1.2599933515689887,2.760027947229325,5.5079434749749526e-05,-2.4227742163984947e-07,-4.069067620272821e-07
245,-179203.2272205848,3.0999997008315265,38.60007577918342,29.299951257548656,1000.0142436889813,1.3700633075027477,-1.2599996547050627,2.7599522022203784,5.3471014118069076e-05,9.552176031644912e-07,1.2452948681658569e-06
246,-179203.22716539283,3.1000000601409727,38.6000482565139,29.299965006140773,1000.0008107919997,1.3699856844686689,-1.2599932492381969,2.760019163144548,5.4843279569712056e-05,4.881877113547453e-08,-3.3240420488475597e-07
247,-179203.22722327913,3.099999770792309,38.600071813829835,29.299952492964827,1000.0079633885791,1.3700540038510192,-1.2599994304484399,2.759958652294209,5.362658983690314e-05,7.961609048402306e-07,1.1485146746460288e-06
248,-179203.22718802383,3.0999999597873336,38.60004729111805,29.299966373618698,1000.0135320651959,1.3700066308053858,-1.2599981684061738,2.759990048590242,5.451063784478095e-05,2.975972353308835e-07,-2.2267611259910064e-08
249,-179203.22716118302,3.09999981900836,38.60000631870962,29.29999855671872,1000.0212491605271,1.3700460969821002,-1.2600029018590795,2.7599666044128344,5.394896331628268e-05,7.464083566228332e-07,5.041216159651601e-07
250,-179203.227226527,3.099999896490935,38.60008257507288,29.299942744935812,1000.0017738386773,1.370022390596146,-1.2599956931978742,2.7599838759461557,5.4130755830055355e-05,4.4107013973393334e-07,6.076498535163878e-07
251,-179203.2271653547,3.099999695382774,38.60013138779816,29.299909138690648,1000.0053346173657,1.3700574078845795,-1.2599947224372054,2.759958240418852,5.381855115448695e-05,4.992526456862449e-07,1.0667035916690655e-06
252,-179203.22722743207,3.0999999396220894,38.60003249680859,29.29997860221207,1000.0085532641067,1.3700191367737973,-1.2599990608419604,2.759986292796677,5.41720857026549e-05,5.464759570388582e-07,3.9236793606278885e-07
253,-179203.22717644565,3.0999997525975864,38.60008067100255,29.299946967396348,1000.0004329383062,1.3700596580097457,-1.2599972394950685,2.7599630842591827,5.3530133433324994e-05,8.136482155200189e-07,1.339487696587545e-06
254,-179203.2272266696,3.099999907989897,38.60005563609041,29.299961522058496,1000.0102572834735,1.3700198876064758,-1.2599979361783975,2.7599833075074773,5.426551174191696e-05,4.2660998037816735e-07,3.181712157019537e-07
255,-179203.2271707951,3.100000034985533,38.60000776844061,29.299994690566443,1000.0055362486135,1.3699992879641407,-1.259997140382897,2.760001152631091,5.480072664247825e-05,-1.4099489258413754e-07,-1.0327404887395146e-07
256,-179203.22722761374,3.0999997956197367,38.60008401765989,29.299943019463736,1000.0079341943929,1.370044183473714,-1.2599979443169897,2.7599681892326657,5.375839852562649e-05,8.007277390481364e-07,9.017617236202479e-07
257,-179203.22718249727,3.0999998360438634,38.6000573807588,29.29996164913158,1000.0082375160925,1.3700336173010133,-1.2600035572791113,2.75997413138375,5.399753085240496e-05,4.866881109162922e-07,7.481534769353621e-07
258,-179203.22723007458,3.099999880196438,38.60006223600423,29.299957562919598,1000.0068213046807,1.3700294393261545,-1.2599955044836555,2.7599796956753533,5.410302728510613e-05,5.261081697507971e-07,5.405999109211637e-07
259,-179203.22722260142,3.0999999555643036,38.60000505428512,29.299997732277024,1000.0067235438361,1.3700101833816318,-1.2600001141213468,2.7599876832588772,5.4157505068869516e-05,4.0700750691888876e-07,6.029694801222461e-07
260,-179203.22722756246,3.099999918839484,38.59999725466116,29.300003734593282,999.9983355642121,1.3700149035055622,-1.2600010367535628,2.759984038751705,5.433173530436705e-05,4.1991511241044715e-07,2.7131468160045027e-07
261,-179203.22722860333,3.1000001121915126,38.600002437702095,29.299996224735082,999.9954287874108,1.3699795182001528,-1.259997689363383,2.7600141448722457,5.491310774103084e-05,-8.240250114059933e-08,-2.886249729276036e-07
262,-179203.22722016362,3.0999998887841773,38.60007263927943,29.299949448500296,1000.000689981271,1.3700265092849726,-1.2599967449955058,2.7599839561564203,5.437773732466267e-05,3.679255934931054e-07,1.7538152450603722e-07
263,-179203.2272364155,3.099999938869272,38.60002195054203,29.299985661308398,1000.0052151531947,1.370014264857467,-1.2599992718398867,2.759986751483263,5.4212563132817804e-05,3.9723702856244295e-07,4.960724912181939e-07
264,-179203.22721174333,3.100000107171564,38.59999590707592,29.30000132149311,999.9989004894508,1.369974741016875,-1.2599973969467018,2.760018606958899,5.5025847215811967e-05,-1.0101257968379388e-07,-5.006521067033123e-07
265,-179203.2272376684,3.099999854887123,38.60005283714959,29.299964700069893,1000.005697663797,1.3700341881424831,-1.2599989220730055,2.7599736409603812,5.3976404181630344e-05,5.718675337092244e-07,7.362229793086936e-07
266,-179203.22722712398,3.0999999731521752,38.59997919821595,29.300015460638388,1000.0058748043762,1.3700087137810157,-1.2600017799722938,2.759991336309797,5.4490810892974765e-05,2.8023766421756155e-07,6.592733958478979e-08
267,-179203.22721971822,3.0999999746856695,38.59999084965636,29.300007471133327,999.9965148637605,1.3700089820055934,-1.2600003057505498,2.7599935105089397,5.440111481132472e-05,2.6542336034120633e-07,3.0495720217579117e-07
268,-179203.2272378762,3.09999992466384,38.600039439489436,29.299973009304946,1000.0068216785453,1.3700171612062553,-1.2599985285714355,2.759985858257843,5.42994125092689e-05,3.8631332536892707e-07,3.1486771232041305e-07
